OUT_ID	B11	B110	B111	B12	B13	B14	B15	B16	B17	B18	B19	BM1	BM2	BM3	BM4	BM5	BM6	BM7	BR11	BR12	BR13	BR14	BR15	BR16	BR17	BR18	BR21	BR22	BR23	BR24	BR25	BR26	BR27	BR28	BT21	BT22	BT23	BT24	BT25	BT26	BT27	BT31	BT32	BT33	BT34	BT35	BT36	BT37
f__Methanobacteriaceae	0	0	0	0	0	0	0	71	107	9	0	0	0	10	140	0	0	5	0	0	0	7	42	34	0	49	0	99	44	134	166	179	142	208	0	0	48	17	114	87	13	0	71	44	119	61	0	51
k__Bacteria;__;__;__;__	0	0	0	0	0	0	0	0	0	0	0	0	0	0	0	0	0	0	0	0	15	0	63	0	34	68	0	0	2	0	0	0	0	0	0	0	34	0	0	0	0	19	24	0	0	0	0	0
k__Bacteria;p__;c__;o__;f__	0	0	0	0	0	0	0	0	0	0	0	0	0	0	0	0	0	0	0	0	0	0	0	0	0	3	0	0	0	0	11	0	0	7	0	0	0	0	0	0	6	0	0	0	0	0	0	0
f__Actinomycetaceae	0	0	0	0	0	0	0	0	0	0	0	0	0	0	0	0	0	0	0	0	0	0	0	0	0	0	0	0	0	0	0	0	0	0	0	0	0	0	0	0	0	0	0	0	0	0	0	0
f__Micrococcaceae	0	0	0	0	0	0	0	0	0	0	0	0	0	0	0	0	0	0	0	0	0	0	0	0	0	0	0	0	0	0	0	0	0	0	0	0	0	0	0	0	0	0	0	0	0	0	0	0
f__Bifidobacteriaceae	24	6267	6136	41	139	164	3217	3570	2072	15019	9573	0	0	0	4620	6459	12255	12829	20	14	0	0	20	0	0	32	0	0	15	24	0	27	20	0	18	0	118	73	74	103	113	0	0	0	111	7550	11979	4295
f__Coriobacteriaceae	0	26	0	73	163	125	180	173	0	85	0	0	237	145	183	214	44	69	12	288	109	252	81	67	0	22	0	215	70	9	28	0	0	20	0	320	278	260	283	226	0	0	779	1087	765	270	182	133
o__Bacteroidales;__	9	0	0	0	0	0	0	0	0	0	0	0	0	0	0	0	0	0	0	0	0	0	0	0	0	0	0	18	0	0	0	0	0	0	14	0	0	0	0	0	0	0	0	0	0	0	0	0
o__Bacteroidales;f__	150	0	0	40	37	32	0	15	15	0	0	39	51	56	42	77	31	0	25	0	0	0	0	5	0	0	56	42	15	22	0	10	0	0	61	43	43	47	73	32	27	47	94	85	92	138	120	70
f__Bacteroidaceae	3023	76	0	1584	1259	695	104	227	252	96	55	3128	4440	2769	1605	1352	207	132	4894	2931	2097	2303	1304	537	319	176	3512	2631	1485	1732	503	329	221	287	4268	4541	3332	2969	2534	1054	342	4543	4950	4558	3469	2424	1852	1129
f__Porphyromonadaceae	471	0	0	276	195	140	0	50	16	0	0	508	640	375	54	21	0	0	581	274	826	849	1414	1298	530	592	302	676	616	697	751	451	212	64	519	467	351	560	456	339	120	599	724	731	439	149	103	30
f__Prevotellaceae	233	0	0	160	129	132	177	0	0	0	0	74	18	0	0	0	0	0	0	0	0	0	0	0	0	0	185	0	0	0	0	0	0	0	0	70	0	36	0	14	52	204	172	139	31	0	0	0
f__Rikenellaceae	166	0	0	118	162	79	46	84	106	0	0	1922	622	722	462	493	0	44	2189	429	146	137	0	32	73	0	2063	476	394	286	0	0	0	0	1027	427	439	435	451	170	0	1731	948	913	1048	988	340	188
o__Bacteroidales;f__S24-7	495	0	0	526	599	466	183	243	214	0	0	1046	92	24	92	142	0	5	89	7	0	0	22	19	0	0	565	264	19	0	0	0	15	0	734	155	102	189	239	261	117	285	43	266	305	298	288	139
f__[Barnesiellaceae]	85	0	0	0	32	38	35	64	47	24	0	605	207	310	241	180	23	0	741	176	229	359	227	85	0	41	503	260	272	277	90	57	0	35	296	117	133	90	136	118	0	388	192	237	236	168	175	104
f__[Odoribacteraceae]	51	0	0	0	28	24	0	0	0	0	0	416	68	107	160	37	0	0	299	68	59	110	35	21	0	0	646	282	265	451	113	54	0	0	239	79	39	94	111	0	0	542	459	417	412	385	176	136
f__[Paraprevotellaceae]	0	0	0	0	0	0	0	0	0	0	0	0	0	0	0	0	0	0	0	0	0	0	0	0	0	0	0	0	0	0	0	0	0	0	0	0	0	0	0	0	0	0	0	0	0	0	0	0
f__Anaerolinaceae	0	0	0	0	0	0	0	0	0	0	0	0	0	0	0	0	0	0	0	0	0	0	0	0	0	0	0	0	0	0	0	0	0	0	0	0	0	0	0	0	0	0	0	0	0	0	0	0
p__Cyanobacteria;c__4C0d-2;o__YS2;f__	149	0	0	0	0	0	0	0	0	0	0	0	0	0	0	0	0	0	63	0	0	0	0	0	0	0	10	0	0	0	0	0	0	0	0	0	0	0	0	0	0	0	0	0	0	0	0	0
o__Streptophyta;f__	0	0	0	0	0	0	0	0	0	0	0	0	0	0	0	0	0	0	0	0	0	0	0	0	0	0	0	0	0	0	0	0	0	0	0	0	0	0	0	0	0	0	0	0	0	0	0	0
p__Firmicutes;__;__;__	0	0	0	0	0	0	0	0	0	0	0	0	0	0	0	0	0	0	0	0	0	0	0	0	0	0	0	0	0	0	0	0	0	0	0	0	0	0	0	0	0	0	0	0	0	0	6	0
f__Gemellaceae	0	0	0	0	0	0	0	0	0	0	0	0	0	0	0	0	0	0	0	0	0	0	0	0	0	0	0	0	0	0	0	0	0	0	0	0	0	0	0	0	0	0	0	0	0	0	0	0
o__Lactobacillales;__	0	0	0	0	0	0	0	0	0	0	0	0	0	0	0	0	0	0	0	0	0	0	0	0	0	12	0	0	0	0	0	0	0	0	0	0	0	0	0	0	0	0	0	0	0	0	0	0
f__Aerococcaceae	0	0	0	0	0	0	0	0	0	0	0	0	0	0	0	0	0	0	0	0	0	0	0	0	28	127	0	0	0	0	0	0	0	0	0	0	0	0	0	0	0	0	0	0	0	0	0	0
f__Carnobacteriaceae	0	0	0	0	0	0	0	0	0	0	0	0	0	0	0	0	0	0	0	0	0	0	0	0	0	0	0	0	0	0	0	0	0	0	0	0	0	0	0	0	0	0	0	0	0	0	0	0
f__Enterococcaceae	0	32	30	0	0	0	0	0	0	62	43	0	35	0	0	0	0	0	0	94	0	25	1169	385	1934	1075	0	0	0	0	4	34	0	49	0	0	54	0	8	137	72	0	0	0	0	0	38	82
f__Lactobacillaceae	234	554	1097	829	716	454	372	358	522	773	369	0	0	0	377	646	1022	454	0	0	0	22	0	0	0	0	0	0	0	0	0	0	0	0	0	0	0	759	54	0	0	0	0	45	1147	1241	1073	595
f__Streptococcaceae	36	0	0	0	0	0	0	0	0	0	0	0	0	0	0	0	23	35	0	60	185	285	72	56	4	21	0	0	0	0	0	0	0	0	0	0	0	13	24	0	0	0	0	0	0	0	43	0
f__Turicibacteraceae	0	0	0	0	0	0	0	0	0	0	0	0	0	0	0	0	0	0	0	0	0	0	0	0	0	0	0	0	0	0	0	0	0	0	0	0	0	0	0	0	0	0	0	0	0	0	0	0
o__Clostridiales;__	0	0	0	0	0	0	0	0	4	0	0	0	0	0	61	37	0	0	0	220	84	156	50	78	23	19	0	9	26	84	15	3	0	20	0	0	0	29	87	0	0	0	0	0	0	63	38	0
o__Clostridiales;f__	1076	0	0	93	100	70	0	46	32	12	0	2055	607	505	542	677	223	69	1138	53	169	170	85	46	82	19	1734	337	328	287	85	0	70	47	1309	76	191	181	280	83	0	2030	1099	1364	723	597	380	149
f__Christensenellaceae	0	0	0	0	0	0	0	0	0	0	0	0	0	0	0	0	0	0	8	0	0	0	0	0	0	0	11	0	0	0	0	0	0	0	7	0	0	0	0	0	0	12	0	0	0	0	0	0
f__Clostridiaceae	57	5524	5996	12	0	16	38	32	25	461	4951	58	69	46	54	86	1955	2591	175	65	87	55	6659	9066	7961	8590	79	93	84	161	8120	12138	6308	5210	47	49	224	62	318	13569	14229	93	63	58	63	72	404	4488
f__Lachnospiraceae	1041	467	442	2472	2813	3447	7737	5230	4557	1018	446	852	5157	3557	2849	2141	1260	688	1534	1847	1386	1195	1084	794	513	598	1148	1900	1012	1373	708	349	651	686	1664	3593	2334	2899	2648	304	208	1718	3101	2887	2561	1390	661	802
f__Peptostreptococcaceae	0	0	0	0	0	0	0	0	0	0	0	0	0	0	0	0	0	0	0	119	0	46	15	0	15	50	25	28	0	22	18	18	0	0	16	0	0	0	0	0	0	28	15	0	0	0	0	0
f__Ruminococcaceae	1945	45	29	502	701	691	160	231	240	16	0	1702	944	459	350	477	79	0	3630	537	460	566	231	56	46	58	3891	1202	651	1010	153	273	137	93	4086	420	362	192	180	75	0	4706	1697	1512	950	644	328	86
f__Veillonellaceae	257	891	968	50	71	24	0	43	0	64	549	248	88	84	203	310	223	181	564	354	1370	2559	1937	813	479	447	831	1105	1302	2275	1355	377	349	293	280	154	34	252	535	84	87	674	130	199	319	280	305	202
f__[Mogibacteriaceae]	12	0	0	0	0	0	0	0	0	0	0	34	0	0	0	0	0	0	44	0	0	0	0	0	0	0	38	0	0	0	0	0	0	0	69	0	0	0	19	0	0	182	0	0	0	0	10	0
f__[Tissierellaceae]	0	0	207	0	0	0	0	0	0	0	0	0	0	0	0	0	0	464	0	0	39	51	1591	1699	3374	4169	0	0	72	205	1522	2650	6167	5575	0	0	0	0	135	1080	1450	0	9	0	0	0	0	75
c__Clostridia;o__SHA-98;f__	0	0	0	0	0	0	0	0	0	0	0	0	0	0	0	0	0	0	0	0	0	0	0	0	0	0	0	0	0	0	0	0	0	0	0	0	0	0	0	0	0	0	0	0	0	0	0	0
f__Erysipelotrichaceae	211	165	232	4100	3459	4477	1455	1979	2330	587	199	40	4833	9344	7255	3391	524	160	49	17755	15135	12850	1980	1507	554	504	36	10391	19709	12008	3935	2651	1238	857	140	8239	7570	5151	6046	751	673	92	1317	1326	983	761	876	382
f__Fusobacteriaceae	0	0	0	0	0	0	0	0	0	0	0	0	0	0	0	0	0	0	0	0	0	0	0	0	0	0	0	0	0	0	0	0	0	0	0	0	0	0	0	0	0	0	0	0	0	0	0	0
f__Leptotrichiaceae	0	0	0	0	0	0	0	0	0	0	0	0	0	0	0	0	0	0	0	0	0	0	0	0	0	0	0	0	0	0	0	0	0	0	0	0	0	0	0	0	0	0	0	0	0	0	0	0
f__Victivallaceae	15	0	0	0	0	0	0	0	0	0	0	0	0	0	0	0	0	0	0	0	0	0	0	0	0	0	0	0	0	0	0	0	0	0	11	10	0	0	0	0	0	0	0	0	0	0	0	0
o__Phycisphaerales;f__	0	0	0	0	0	0	0	0	0	0	0	0	0	0	0	0	0	0	0	0	0	0	0	0	0	0	0	0	0	0	0	0	0	0	0	0	0	0	0	0	0	0	0	0	0	0	0	0
f__Caulobacteraceae	0	0	0	0	0	0	0	0	0	0	0	0	0	0	0	0	0	0	0	0	0	0	0	0	0	0	0	0	0	0	0	0	0	0	0	0	0	0	0	0	0	0	0	0	0	0	0	0
c__Alphaproteobacteria;o__RF32;f__	288	0	0	0	0	0	0	0	0	0	0	252	116	96	41	20	0	0	89	0	0	0	0	0	0	0	73	61	26	34	0	0	0	0	86	20	66	31	82	13	0	155	72	75	0	23	0	0
f__mitochondria	0	0	0	0	0	0	0	0	0	0	0	0	0	0	0	0	0	0	0	0	0	0	0	0	0	0	0	0	0	0	0	0	0	0	0	0	0	0	0	0	0	0	0	0	0	0	0	0
f__Sphingomonadaceae	0	0	0	0	0	0	0	0	0	0	0	0	0	0	0	0	0	0	0	0	0	0	0	0	0	0	0	0	0	0	0	0	0	0	0	0	0	0	0	0	0	0	0	0	0	0	0	0
c__Betaproteobacteria;o__ASSO-13;f__	0	0	0	0	0	0	0	0	0	0	0	0	0	0	0	0	0	0	0	0	0	0	0	0	0	0	0	0	0	0	0	0	0	0	0	0	0	0	0	0	0	0	0	0	0	0	0	0
o__Burkholderiales;__	0	0	0	0	0	0	0	0	0	0	0	0	0	0	0	0	6	0	0	0	12	0	0	2	0	0	0	0	0	0	0	0	0	0	0	0	0	18	0	0	0	0	47	21	0	0	0	3
f__Alcaligenaceae	485	710	557	683	817	906	358	727	890	945	850	209	772	610	1187	1999	1620	1189	822	475	664	514	479	267	291	0	558	600	642	837	359	325	116	104	409	1228	1166	2217	2473	882	691	545	1179	1122	2495	1834	2016	1525
f__Comamonadaceae	0	0	0	0	0	0	0	0	0	0	0	0	0	0	0	0	0	0	0	0	0	0	0	0	0	0	0	0	0	0	0	0	0	0	0	0	0	0	43	0	0	0	0	0	0	0	36	0
f__Oxalobacteraceae	15	0	0	0	0	0	0	0	0	0	0	19	0	0	0	0	0	0	0	0	0	0	0	0	0	0	34	0	0	0	0	0	0	0	0	0	0	0	0	0	0	22	0	0	12	0	0	0
f__Neisseriaceae	0	0	0	0	0	0	0	0	0	0	0	0	0	0	0	0	0	0	0	0	0	0	0	0	0	0	0	0	0	0	0	0	0	0	0	0	0	0	0	0	0	0	0	0	0	0	0	0
f__Desulfovibrionaceae	325	0	6	0	0	15	10	19	0	0	0	459	109	156	205	116	41	29	351	0	92	98	43	10	17	21	420	119	212	229	70	31	53	19	407	32	37	34	45	12	11	392	154	201	164	209	104	58
f__Campylobacteraceae	0	0	0	0	0	0	0	0	0	0	0	0	0	0	0	0	0	0	0	0	0	0	87	170	470	1940	0	0	0	16	245	98	432	570	0	0	0	0	0	0	0	0	0	0	0	0	0	0
f__Enterobacteriaceae	153	34	0	160	192	114	122	208	119	0	0	233	23	17	29	0	32	121	311	570	1274	1599	1171	847	460	299	236	1016	2400	3390	1750	1133	745	700	51	57	66	38	53	28	33	266	86	71	48	76	152	96
f__Pasteurellaceae	0	0	0	0	0	0	0	0	0	0	0	0	0	0	0	0	0	0	0	0	0	0	0	0	0	0	0	0	0	0	0	0	0	0	127	0	0	0	0	0	0	31	0	0	0	0	0	0
f__Moraxellaceae	0	13	0	0	0	0	0	0	0	0	0	0	0	0	0	0	0	0	0	0	0	0	0	0	0	0	0	0	0	0	0	0	0	0	0	0	0	0	0	0	0	0	0	0	0	0	0	0
f__Pseudomonadaceae	0	0	0	0	0	0	0	0	0	0	0	0	0	0	7	0	0	0	5	0	8	11	0	0	0	0	0	0	4	0	0	0	3	0	0	0	0	0	10	0	0	6	0	0	0	5	4	0
k__Bacteria;p__TM7;c__TM7-3;o__;f__	0	0	0	0	0	0	0	0	0	0	0	0	0	0	0	0	0	0	0	0	0	0	0	0	0	0	0	0	0	0	0	0	0	0	0	0	0	0	0	0	0	0	0	0	0	0	0	0
c__Mollicutes;o__RF39;f__	0	0	0	0	0	0	0	0	0	0	0	0	0	0	0	0	0	0	0	0	0	0	0	0	0	0	18	0	0	0	0	0	0	0	16	0	0	0	0	0	0	0	0	0	0	0	0	0
p__Tenericutes;c__RF3;o__ML615J-28;f__	0	0	0	0	0	0	0	0	0	0	0	0	0	0	0	0	0	0	0	0	0	0	0	0	0	0	0	0	0	0	0	0	0	0	0	0	0	0	0	0	0	0	0	0	0	0	0	0
f__[Cerasicoccaceae]	0	0	0	0	0	0	0	0	0	0	0	0	0	0	0	0	0	0	0	0	0	0	0	0	0	0	0	0	0	0	0	0	0	0	0	0	0	0	0	0	0	0	0	0	0	0	0	0
f__Verrucomicrobiaceae	0	0	0	0	0	0	0	0	0	0	0	938	0	0	94	83	63	24	669	43	0	151	74	42	17	33	400	49	0	0	20	0	0	5	144	0	28	0	13	0	0	505	67	35	104	113	140	49
